12.745674788720809
14.787334581001193
13.660930212578219
8.845295915036818
0.63119881611225
0.5686806363774044
1.4255657607934908
0.3750622660977445
0.7780468463947736
1.8830488843363082
14.735133173199124
12.758702003613664
14.66725822987005
13.73543340795241
8.957765937239618
14.681711898814642
12.821062830234705
14.708428473330812
13.64379437996131
8.570091318218552
2.048445073109888
0.6140568755250138
0.6298883112200788
1.7173080762563635
0.6483862314541171
0.4476739996388975
1.2818697108618586
0.9500959740277342
0.4271034822707171
0.7121334124980404
1.5838304434961124
0.3640707391141232
0.7077093005323745
0.8572228604475743
